,G PMT (2)
1,1.06569618816
2,1.05020756751
3,1.00613459821
4,1.071297469
5,1.05893757
6,1.04951229603
7,0.96582913124
8,1.02038766351
9,1.02757213545
10,0.973727704927
11,1.02440575326
12,0.949142615769
13,1.04230899382
14,1.0667782044
15,1.03280695029
16,1.04474244399
17,0.994083225927
18,1.02100616543
19,0.974325928094
20,0.985721137922
21,0.966311475828
22,0.949875547785
23,1.0256021996
24,0.97245304055
25,0.970000760108
26,0.943406626075
27,1.00148062476
28,1.04634446536
29,1.01189086666
30,1.05613620534
31,1.07585584263
32,1.15158249444
33,1.20865269493
34,1.14310307938
35,1.17215094233
36,1.20681746792
37,1.16942779571
38,1.17692079437
39,1.16268655934
40,1.16678141865
41,1.14345071512
42,1.1226316798
43,1.09211650432
44,1.09677192626
45,1.11482870594
46,1.09402850089
47,1.06548470975
48,1.05134752303
49,1.02519662457
50,1.11141028784
51,1.07066013682
52,1.03933381129
53,1.00822041265
54,1.0372682756
55,1.04120814731
56,1.05217750336
57,1.04472216524
58,1.01353199704
59,1.05880141267
60,1.00910978075
61,0.986493178959
62,0.961579284331
63,0.987459316617
64,1.00800893424
65,1.00356643919
66,1.00233088383
67,0.940470552563
68,1.018920351
69,0.997540753048
70,0.967122625886
71,0.95916611291
72,0.978517835714
73,0.94879498003
74,0.971043667325
75,0.941378750931
76,0.950822855174
77,0.961560454062
78,0.992539143853
79,0.978923410743
80,0.965210629321
81,0.918008938377
82,0.973959462086
83,0.988019879246
84,0.914127005958
85,0.874111235435
86,0.912215009394
87,0.950436110414
88,0.973129481759
89,0.895606711963
90,0.913181147052
91,0.92424755141
92,0.992866500841
93,0.915132252637
94,0.902712965861
95,0.858177930731
96,0.899468365631
97,0.909106566494
98,0.902617366033
99,0.921079720738
100,0.908314246706
101,0.881082780484
102,0.908256307416
103,0.848887365607
104,0.846724781614
105,0.882570371751
106,0.890700702597
107,0.841297318639
108,0.838710329348
109,0.773199822816
110,0.842263456297
111,0.828898310614
112,0.815630213243
113,0.819184788674
114,0.779707853547
115,0.8029226785
116,0.825132256775
117,0.812501491592
118,0.792474776061
119,0.766344156347
120,0.78592763631
121,0.765899472297
122,0.80678578065
123,0.784266227174
124,0.791740395563
125,0.793420634968
126,0.754176905482
127,0.734786073657
128,0.794386772626
129,0.820786810038
130,0.764045415023
131,0.736737179242
132,0.765396848958
133,0.763600730973
134,0.760626996922
135,0.726867221219
136,0.74428811719
137,0.75786474128
138,0.736485143331
139,0.796915822627
140,0.765512727538
141,0.72342997285
142,0.772543660359
143,0.769414938708
144,0.76871966723
145,0.750237033773
146,0.705352914422
147,0.756262719916
148,0.738628897055
149,0.701315994403
150,0.72325615498
151,0.696990826417
152,0.702977403539
153,0.705565841312
154,0.737759807708
155,0.693204493826
156,0.670994915551
157,0.713040009701
158,0.745755429705
159,0.727080148109
160,0.736910997112
161,0.762789580915
162,0.780365464486
163,0.786197054008
164,0.798306365583
165,0.743863711892
166,0.738223322026
167,0.743400197573
168,0.711552418434
169,0.735036661086
170,0.734283450318
171,0.756358319744
172,0.760221421894
173,0.749367944426
174,0.732603210913
