Image Name: 1	
Slide Name: 160421_1	
Capture Date: 04/21/2016	
Capture Time: 14:48:56	
Plane	Time	Elapsed (ms)	G PMT (1)	G PMT (2)	G PMT (3)	G PMT (4)	G PMT (5)	G PMT (6)	G PMT (7)	G PMT (8)	G PMT (9)	G PMT (10)	G PMT (11)	G PMT (12)	G PMT (13)	G PMT (14)	G PMT (15)	G PMT (16)	G PMT (17)	G PMT (18)	
0	14:48:56	0	10.707	13.875	14.571	10.367	14.389	16.643	11.478	14.375	10.500	7.500	15.944	12.833	15.611	12.056	10.692	13.778	14.500	10.682	
1	14:48:56	5641	1356.931	1451.250	734.357	739.300	980.556	883.071	812.826	831.667	611.583	958.800	1359.222	389.944	1149.056	1068.500	841.500	433.333	1446.000	578.455	
2	14:48:56	5779	1327.397	1594.417	799.143	689.333	921.167	855.786	803.652	838.417	609.292	960.600	1420.833	396.000	1135.111	1058.833	893.346	471.722	1520.857	551.182	
3	14:48:56	5917	1307.500	1486.042	761.429	665.300	965.278	858.929	794.761	822.083	586.125	965.200	1399.444	382.278	1194.667	1045.611	799.269	457.833	1422.000	537.409	
4	14:48:56	6056	1289.828	1535.833	718.500	674.033	968.778	842.357	755.500	799.500	592.458	897.400	1398.167	349.556	1062.167	1018.000	821.115	426.833	1444.429	532.818	
5	14:48:56	6194	1295.603	1521.167	818.786	690.700	944.611	825.214	805.239	802.625	575.417	884.900	1354.667	360.333	1106.167	981.222	857.000	425.278	1598.571	505.636	
6	14:48:56	6332	1254.776	1493.667	799.429	687.133	962.000	724.143	781.717	770.708	577.792	971.000	1371.333	371.167	1023.278	986.889	781.038	411.000	1494.214	500.455	
7	14:48:56	6470	1268.638	1462.333	769.571	638.167	922.111	793.071	772.739	793.917	541.333	977.400	1360.222	379.833	1116.889	967.056	814.808	408.278	1383.929	575.727	
8	14:48:56	6609	1235.155	1505.542	772.143	681.600	957.667	791.071	764.587	816.292	535.333	973.700	1445.667	344.389	1079.722	1004.722	834.154	400.944	1424.571	506.864	
9	14:48:56	6747	1250.586	1509.917	804.000	704.167	921.056	751.786	807.087	822.833	553.667	976.500	1396.167	360.500	1022.556	981.167	813.654	439.944	1374.357	542.045	
10	14:48:56	6885	1279.586	1573.750	767.929	645.533	908.778	789.357	797.543	777.000	566.125	966.800	1323.944	375.833	1033.111	977.167	826.385	430.167	1470.000	469.545	
11	14:48:56	7023	1250.034	1560.375	749.286	641.967	940.611	841.429	768.478	799.500	555.458	918.000	1358.500	369.333	1083.944	984.556	826.038	423.222	1539.429	558.364	
12	14:48:56	7162	1234.069	1396.583	709.643	752.233	965.389	833.286	756.326	830.167	564.542	983.500	1308.500	351.278	1052.778	953.889	772.731	418.444	1463.857	510.909	
13	14:48:56	7300	1201.190	1398.583	756.357	641.033	919.833	773.786	733.674	758.667	561.625	891.200	1341.722	355.889	1093.944	936.444	797.500	413.722	1377.571	509.136	
14	14:48:56	7438	1234.155	1433.375	713.357	678.400	905.056	776.214	727.196	764.417	547.292	891.100	1226.056	313.500	1015.778	928.333	827.846	403.333	1476.714	488.000	
15	14:48:56	7576	1234.172	1510.667	722.786	629.000	928.333	783.143	756.130	770.500	559.042	903.300	1270.056	351.833	994.444	991.667	800.731	424.056	1364.500	465.773	
16	14:48:56	7715	1247.241	1494.083	680.714	652.567	888.222	780.214	730.891	733.000	538.750	835.400	1222.444	338.611	973.389	940.722	761.538	428.222	1449.714	468.591	
17	14:48:56	7853	1167.948	1479.625	733.929	617.267	887.444	767.286	730.087	712.667	543.417	798.200	1258.778	324.833	925.000	929.333	749.500	367.389	1407.286	489.364	
18	14:48:56	7991	1162.621	1467.667	634.929	620.233	840.389	666.357	681.891	709.125	506.250	816.900	1208.389	330.889	943.444	907.333	690.962	385.222	1347.929	447.864	
19	14:48:56	8129	1169.379	1347.000	632.714	638.733	855.444	756.929	726.848	736.917	529.042	850.600	1271.500	326.167	931.611	893.611	775.962	369.667	1357.643	453.955	
20	14:48:56	8267	1179.931	1496.208	637.071	667.367	895.333	741.571	703.000	702.042	532.125	817.100	1201.667	341.389	904.444	934.333	775.846	398.722	1345.429	452.000	
21	14:48:56	8406	1158.621	1504.708	649.357	638.200	841.722	735.643	737.196	756.250	550.667	756.100	1215.222	324.778	883.222	931.333	760.615	401.000	1337.500	470.545	
22	14:48:56	8544	1121.224	1433.125	632.286	638.933	854.833	715.857	701.696	734.542	529.292	818.000	1195.778	306.278	914.056	888.389	765.615	364.111	1243.286	497.636	
23	14:48:56	8682	1131.414	1410.375	656.929	645.233	869.444	742.143	687.891	715.292	545.250	765.300	1207.167	298.000	852.222	899.944	746.385	353.778	1217.500	440.136	
24	14:48:56	8820	1153.741	1451.792	682.857	621.200	844.111	690.929	702.022	728.167	523.833	833.800	1254.778	312.000	871.778	929.667	719.269	424.222	1319.786	453.318	
25	14:48:56	8959	1157.466	1403.375	673.571	622.233	933.611	772.000	683.500	730.333	491.417	733.000	1187.556	315.056	791.556	909.167	757.077	363.278	1277.214	449.455	
26	14:48:56	9097	1150.207	1451.667	605.429	606.467	853.611	747.429	700.239	700.542	508.958	770.600	1219.667	331.500	887.333	839.333	726.731	360.667	1270.143	438.545	
27	14:48:56	9235	1098.517	1450.333	622.714	561.267	830.944	746.929	663.457	749.208	515.250	792.800	1231.889	299.833	896.333	909.111	738.808	357.833	1283.214	453.364	
28	14:48:56	9373	1054.879	1340.958	627.429	564.967	802.444	740.000	657.522	733.333	506.375	761.500	1261.056	338.222	915.889	912.889	741.654	376.556	1161.429	452.864	
29	14:48:56	9512	1141.103	1351.083	567.929	568.867	833.667	748.214	682.543	753.292	506.292	779.600	1215.889	309.000	934.278	908.778	716.654	373.056	1225.643	443.773	
30	14:48:56	9650	1122.948	1416.125	622.429	591.267	782.278	738.786	678.957	687.625	498.583	767.300	1187.167	305.278	862.944	926.556	733.192	354.222	1269.286	460.409	
31	14:48:56	9788	1114.845	1345.333	617.286	634.200	850.444	728.643	647.087	724.917	492.792	724.900	1186.444	314.222	875.222	863.167	705.538	374.500	1224.571	454.000	
32	14:48:56	9926	1081.121	1326.458	612.786	609.400	793.389	714.643	623.804	679.958	528.958	771.700	1177.111	297.944	876.333	860.000	704.654	353.111	1122.000	466.500	
33	14:48:56	10064	1144.172	1328.792	622.143	548.733	785.056	720.857	622.109	703.625	518.500	781.400	1189.333	305.278	852.611	874.722	682.692	344.222	1213.500	453.727	
34	14:48:56	10203	1131.810	1343.292	650.000	581.367	866.056	686.857	667.543	671.333	518.583	861.500	1171.444	316.500	800.778	872.889	721.692	372.500	1155.929	446.818	
35	14:48:56	10341	1108.172	1386.167	615.357	576.700	838.833	705.286	683.913	771.875	488.083	843.800	1142.111	303.056	883.944	866.667	749.808	369.222	1161.357	443.591	
36	14:48:56	10479	1122.017	1341.583	568.714	605.000	786.833	722.071	646.630	725.708	504.750	805.200	1149.056	338.278	882.222	806.833	775.346	345.667	1163.000	419.909	
37	14:48:56	10617	1068.724	1343.125	604.571	613.100	848.778	715.857	638.935	752.250	491.917	859.900	1161.111	336.167	800.389	850.833	751.615	351.944	1164.786	438.955	
38	14:48:56	10756	1111.828	1338.458	610.071	595.833	914.667	717.643	639.587	742.667	513.583	861.200	1198.833	330.833	861.333	844.611	737.577	380.444	1209.071	468.545	
39	14:48:56	10894	1124.828	1353.042	636.071	667.500	911.889	727.357	669.587	724.875	546.167	793.800	1187.722	364.000	809.667	844.333	729.885	347.000	1245.214	461.273	
40	14:48:56	11032	1102.741	1410.625	579.071	614.533	928.111	753.929	706.261	736.708	509.917	803.300	1201.500	362.222	840.444	891.944	748.385	390.000	1169.143	458.818	
41	14:48:56	11170	1093.500	1384.583	598.000	587.167	885.889	706.571	708.696	721.042	505.875	871.900	1186.111	376.722	812.722	838.833	737.846	356.333	1125.429	439.273	
42	14:48:56	11309	1049.483	1258.583	587.286	531.367	849.056	731.857	662.022	745.958	522.958	837.800	1208.667	366.556	833.944	852.000	686.769	379.000	1148.714	450.182	
43	14:48:56	11447	1082.362	1398.667	660.857	641.467	923.222	781.571	712.630	766.083	533.458	794.300	1269.111	348.056	836.000	883.722	739.462	365.556	1130.143	456.273	
44	14:48:56	11585	1070.034	1355.542	630.143	663.800	939.278	788.286	736.283	725.667	520.500	803.400	1264.556	363.333	861.722	924.444	751.885	412.056	1178.000	478.682	
45	14:48:56	11723	1080.828	1432.333	609.214	606.667	964.111	736.571	726.391	744.625	514.917	807.900	1230.944	347.389	784.389	907.833	761.462	374.500	1224.643	464.045	
46	14:48:56	11862	1054.362	1416.917	607.429	610.167	926.556	711.214	732.978	777.792	513.083	874.700	1290.333	384.444	849.778	943.444	742.115	393.222	1230.643	487.864	
47	14:48:56	12000	1076.034	1383.833	624.643	636.700	900.778	706.929	728.457	739.458	528.792	870.100	1246.056	336.722	803.778	911.611	771.077	370.056	1177.286	469.500	
48	14:48:56	12138	1120.034	1446.708	673.000	571.833	972.833	756.571	726.543	742.458	527.167	823.800	1206.056	351.389	755.667	920.167	750.769	384.444	1252.286	470.909	
49	14:48:56	12276	1090.914	1379.792	604.500	598.533	894.556	760.643	716.152	752.083	527.000	845.700	1191.389	349.389	785.833	886.333	733.231	361.222	1266.714	447.636	
50	14:48:56	12415	1073.552	1437.458	630.929	620.300	901.444	764.143	745.500	758.750	526.583	891.300	1216.056	353.611	782.667	902.000	703.154	420.000	1145.571	488.727	
51	14:48:56	12553	1071.241	1326.125	639.000	609.600	875.111	743.571	698.783	746.458	523.792	767.900	1196.389	332.056	828.889	900.056	755.846	364.111	1194.929	485.591	
52	14:48:56	12691	1068.862	1361.708	666.429	633.467	954.444	733.286	731.739	785.083	523.458	853.700	1195.667	333.111	768.111	920.889	771.538	381.222	1216.857	502.364	
53	14:48:56	12829	1139.638	1360.667	594.429	607.833	925.556	719.000	747.783	750.417	506.417	806.800	1238.944	326.278	775.556	974.056	746.962	410.278	1128.571	486.182	
54	14:48:56	12968	1134.000	1331.500	653.071	613.233	933.278	771.357	757.130	747.875	535.500	798.800	1231.833	312.611	758.167	947.389	732.538	408.278	1211.214	482.545	
55	14:48:56	13106	1131.603	1371.375	604.571	651.500	853.278	762.071	724.913	770.042	526.333	891.700	1185.889	314.111	804.333	943.167	752.846	385.500	1255.786	469.455	
56	14:48:56	13244	1069.172	1311.500	631.286	676.767	900.944	696.643	747.522	730.917	484.750	832.000	1218.500	310.056	743.889	861.833	715.731	396.722	1132.000	467.500	
57	14:48:56	13382	1092.552	1306.167	610.929	597.533	906.611	782.286	759.826	711.917	492.417	838.800	1246.444	341.444	776.389	911.500	713.385	396.111	1214.857	482.273	
58	14:48:56	13522	1134.172	1257.208	650.357	683.800	924.944	727.357	723.522	737.458	479.208	832.800	1214.167	310.111	791.222	892.000	702.308	376.389	1264.143	514.364	
59	14:48:56	13660	1127.966	1381.333	627.714	618.567	952.222	763.929	769.217	753.167	510.292	839.200	1175.889	315.056	775.222	890.056	723.808	415.333	1203.000	507.000	
60	14:48:56	13798	1085.759	1414.375	582.286	667.533	848.444	777.286	707.196	754.042	470.583	819.500	1145.278	340.611	831.778	861.056	740.962	381.833	1224.286	490.364	
61	14:48:56	13936	1097.741	1329.625	597.429	602.800	892.056	755.857	722.652	739.083	501.250	771.900	1207.056	297.556	768.333	909.333	750.154	367.500	1196.643	494.045	
62	14:48:56	14075	1123.052	1379.125	605.571	640.133	927.333	767.571	714.348	776.583	496.833	781.900	1156.833	302.889	795.722	937.889	732.538	413.556	1246.214	464.000	
63	14:48:56	14213	1036.310	1334.375	641.571	621.333	881.667	716.357	724.239	756.250	489.000	765.000	1192.000	327.111	784.611	827.222	720.462	389.556	1199.357	528.500	
64	14:48:56	14351	1072.448	1406.542	574.500	653.067	892.833	759.571	719.065	723.458	534.083	834.700	1199.833	350.056	767.667	920.500	708.654	392.722	1228.643	484.636	
65	14:48:56	14489	1012.190	1433.375	596.429	617.667	891.722	687.357	724.413	776.125	537.542	857.000	1165.000	313.444	820.556	899.944	726.385	375.500	1210.286	494.182	
66	14:48:56	14627	1089.724	1446.750	605.286	567.433	899.222	730.786	683.217	781.833	480.000	829.500	1145.111	326.778	829.778	951.611	729.538	380.000	1204.429	472.273	
67	14:48:56	14766	1117.138	1324.083	619.714	628.867	880.111	727.500	705.348	743.000	512.042	881.400	1126.222	353.556	807.056	926.444	733.885	379.556	1220.071	473.045	
68	14:48:56	14904	1118.534	1440.375	659.786	589.300	903.944	784.429	739.348	761.875	461.417	803.300	1191.667	351.944	806.278	953.611	715.962	384.000	1276.571	496.318	
69	14:48:56	15042	1112.138	1330.292	647.214	628.900	890.722	757.643	704.239	754.333	495.833	832.800	1178.167	320.833	802.500	962.667	741.731	379.111	1215.857	507.864	
70	14:48:56	15180	1080.914	1353.000	618.786	562.200	884.500	758.000	682.130	733.917	477.875	839.500	1274.167	318.667	827.111	938.833	718.038	362.444	1185.929	514.455	
71	14:48:56	15319	1085.276	1359.042	636.429	626.867	801.778	725.643	684.891	712.208	491.458	781.500	1137.222	288.389	777.167	910.111	703.808	379.389	1206.714	483.636	
72	14:48:56	15457	1116.362	1365.542	692.214	605.333	902.611	753.071	677.370	683.208	478.250	809.100	1132.667	325.556	833.722	911.389	717.231	392.000	1144.429	447.409	
73	14:48:56	15595	1130.310	1430.417	694.714	596.667	873.389	741.643	667.804	752.292	453.917	756.600	1176.000	326.500	787.278	932.667	728.385	397.222	1201.143	473.545	
74	14:48:56	15733	1066.741	1446.167	645.929	598.567	860.944	704.214	634.717	774.167	477.458	836.000	1196.500	324.333	750.944	905.056	709.808	376.500	1240.143	420.545	
75	14:48:56	15872	1028.638	1304.042	611.214	651.700	862.222	670.857	654.087	773.458	478.875	777.900	1102.444	318.167	736.333	909.556	699.538	373.778	1165.643	450.955	
76	14:48:56	16010	1117.310	1328.625	650.571	572.733	930.667	738.643	658.109	716.708	462.083	757.500	1145.056	285.000	738.778	907.722	736.962	327.444	1209.643	481.227	
77	14:48:56	16148	1109.172	1404.792	615.143	609.467	892.222	686.429	687.196	725.792	524.292	729.000	1154.667	315.333	711.056	915.444	667.423	429.778	1176.929	489.182	
78	14:48:56	16286	1058.414	1391.833	588.071	538.800	842.722	700.286	676.500	686.375	486.167	652.000	1135.444	299.056	677.833	885.333	723.346	382.778	1113.857	437.591	
79	14:48:56	16425	1069.586	1400.458	627.071	529.033	842.444	680.357	638.000	740.833	491.667	732.500	1153.889	320.167	779.667	918.500	719.346	361.333	1176.929	459.591	
80	14:48:56	16563	1085.879	1367.958	611.786	568.000	857.667	763.286	672.043	740.042	506.542	719.700	1104.944	317.389	665.944	916.000	709.692	391.944	1149.643	446.591	
81	14:48:56	16701	1107.931	1344.042	634.143	570.700	848.611	710.286	657.304	759.625	478.708	744.400	1173.889	299.944	683.833	890.167	687.808	404.444	1179.143	447.818	
82	14:48:56	16839	1146.259	1355.000	633.000	599.000	939.278	724.643	664.500	701.958	488.125	680.800	1130.500	320.778	716.333	891.333	733.346	406.056	1166.500	441.227	
83	14:48:56	16977	1119.483	1343.250	628.857	591.500	885.778	694.643	651.457	729.500	527.708	760.300	1166.333	306.778	730.000	925.167	703.269	377.556	1240.357	446.591	
84	14:48:56	17116	1047.259	1325.083	601.000	585.500	856.056	658.000	652.848	676.625	468.167	783.100	1201.722	332.444	756.278	890.944	725.846	350.111	1124.857	479.773	
85	14:48:56	17254	1102.052	1321.625	601.857	536.600	838.056	692.571	662.065	668.375	469.542	759.700	1147.278	288.000	697.722	889.389	692.731	366.944	1065.286	466.227	
86	14:48:56	17392	1093.931	1301.833	622.214	535.033	870.056	679.214	677.000	704.375	443.792	737.600	1174.111	302.278	692.000	939.944	688.462	388.278	1151.500	497.182	
87	14:48:56	17530	1069.741	1363.750	591.857	584.400	865.667	759.929	694.804	657.125	502.042	733.400	1106.222	300.444	671.667	894.500	731.038	360.944	1015.357	454.273	
88	14:48:56	17669	1050.000	1301.208	615.071	544.200	847.722	665.000	676.609	676.167	471.958	677.500	1115.000	290.056	697.222	849.278	712.038	369.111	1040.714	447.545	
89	14:48:56	17807	1017.000	1327.458	580.786	552.033	832.611	684.429	685.565	668.417	467.917	729.600	1166.278	294.222	662.333	832.611	682.346	347.778	1136.143	462.591	
90	14:48:56	17945	1014.328	1350.250	607.500	511.900	901.944	684.357	667.652	668.333	468.083	742.600	1143.556	291.778	733.667	870.333	700.654	360.000	1058.071	454.909	
91	14:48:56	18083	1087.638	1416.917	624.857	515.233	897.056	700.143	658.413	628.500	490.708	755.900	1063.278	307.889	694.056	889.056	735.269	364.500	1097.357	453.364	
92	14:48:56	18222	1096.879	1381.958	642.143	603.467	857.944	664.286	663.174	686.375	490.958	726.500	1072.333	304.389	707.333	893.500	735.077	364.833	1134.143	434.818	
93	14:48:56	18360	1036.603	1331.708	568.571	622.900	866.444	660.143	649.522	669.458	480.792	750.700	1043.500	291.667	730.444	851.889	701.077	376.667	1007.786	441.773	
94	14:48:56	18498	1038.845	1258.000	638.000	568.500	850.667	670.000	644.761	628.583	504.875	749.400	1119.500	271.111	662.889	846.556	640.385	378.167	1005.643	453.864	
95	14:48:56	18636	1116.172	1336.292	692.643	607.667	852.833	678.500	643.674	645.750	520.833	762.000	1177.056	319.444	716.056	842.778	662.192	384.333	1100.714	436.182	
96	14:48:56	18775	1145.914	1399.583	629.786	633.667	928.889	718.857	677.870	662.292	529.542	722.700	1151.778	304.444	707.611	925.111	702.846	401.167	1093.786	457.500	
97	14:48:56	18913	1147.966	1348.125	619.786	611.200	884.111	651.857	659.087	624.417	528.000	718.900	1149.556	350.500	725.778	852.556	716.885	384.778	1111.643	445.182	
98	14:48:56	19051	1068.138	1374.792	612.643	586.900	878.722	674.143	659.804	626.667	529.333	749.200	1131.500	299.944	784.833	791.000	715.846	357.222	1096.286	443.682	
99	14:48:56	19189	1061.517	1343.875	615.714	623.200	803.444	666.929	612.500	626.958	509.958	719.900	1083.333	276.889	647.111	830.000	636.462	377.944	999.500	446.318	
100	14:48:56	19328	1067.448	1341.667	607.857	579.867	825.556	677.000	639.500	618.917	531.042	717.800	1147.389	296.833	700.889	872.778	676.192	371.056	1032.143	413.818	
101	14:48:56	19466	1118.690	1345.500	571.143	616.300	815.278	628.571	647.978	665.042	506.792	707.300	1110.222	319.722	633.444	844.389	679.192	364.500	1068.571	436.045	
102	14:48:56	19604	1122.414	1341.583	561.214	532.800	837.444	610.071	675.217	631.667	508.708	673.400	1108.889	280.167	683.833	894.056	669.500	339.333	973.857	442.455	
103	14:48:56	19742	1099.690	1385.542	577.143	556.867	809.167	606.500	647.326	659.958	516.667	722.900	1127.611	300.278	699.722	842.333	654.346	340.889	998.857	414.182	
104	14:48:56	19881	1082.397	1303.000	583.357	546.833	793.556	647.500	651.739	610.958	490.333	751.500	1071.833	296.833	671.278	816.944	722.885	336.278	992.714	426.864	
105	14:48:56	20019	1106.810	1318.208	613.714	569.733	791.833	622.929	645.870	612.833	483.625	742.700	1046.111	313.722	679.000	858.611	651.654	378.556	980.357	465.182	
106	14:48:56	20157	1120.931	1328.083	628.143	580.000	791.833	644.714	663.674	582.083	461.292	739.300	1105.778	284.667	704.167	796.333	662.654	340.222	991.643	438.182	
107	14:48:56	20295	1046.362	1252.917	621.214	592.667	769.833	659.357	635.978	619.500	498.042	718.000	1083.889	286.278	702.056	820.167	685.577	319.000	1060.000	419.500	
108	14:48:56	20434	1078.672	1268.458	624.000	572.033	782.611	625.929	594.196	619.250	454.750	655.200	1134.389	327.556	688.667	811.333	650.423	370.667	1040.429	410.500	
109	14:48:56	20572	1091.948	1342.208	603.143	569.533	828.722	653.286	638.739	635.000	488.833	700.900	1051.944	290.056	702.000	832.833	688.654	344.222	979.571	416.591	
110	14:48:56	20710	1151.621	1274.958	586.000	541.000	838.000	626.857	645.913	614.458	485.708	698.600	1111.278	311.778	685.056	847.056	682.423	375.667	1030.286	443.091	
111	14:48:56	20848	1138.552	1282.417	628.286	610.300	785.056	655.286	664.435	579.750	491.500	690.100	1045.833	290.667	697.556	882.944	678.423	338.000	1054.857	416.455	
112	14:48:56	20986	1088.241	1265.583	592.429	601.700	819.778	625.000	617.174	623.583	492.875	648.000	1091.389	274.333	697.000	845.667	677.731	316.722	1004.357	394.636	
113	14:48:56	21125	1048.655	1179.292	631.143	536.600	780.944	694.357	585.565	570.500	430.917	680.900	1046.833	261.556	637.278	848.056	656.962	312.389	1017.357	392.909	
114	14:48:56	21263	1116.914	1229.750	608.929	555.167	853.000	642.643	620.804	602.833	500.958	683.400	1043.500	290.500	669.833	828.000	649.846	324.833	1076.000	423.318	
115	14:48:56	21401	1151.828	1262.792	559.857	614.667	795.000	654.643	660.870	587.250	470.000	660.000	1059.000	314.222	668.333	843.722	668.500	341.500	1060.429	453.909	
116	14:48:56	21539	1143.052	1253.875	560.214	573.700	777.556	670.786	624.022	567.667	486.375	701.700	1045.722	299.333	693.889	876.000	628.269	328.000	993.286	403.045	
117	14:48:56	21678	1061.034	1260.458	523.857	524.333	730.833	607.000	637.783	601.667	483.792	721.300	1009.833	291.333	721.722	856.556	660.962	290.167	1018.643	412.182	
118	14:48:56	21816	1064.552	1329.375	531.071	568.567	727.111	616.786	622.065	627.250	471.125	705.400	1079.889	283.722	620.278	799.056	637.154	337.944	984.714	390.818	
119	14:48:56	21954	1145.914	1303.125	547.786	558.600	765.833	612.571	641.391	547.167	475.083	735.500	1061.611	284.611	665.722	855.500	693.500	348.056	1018.857	465.227	
120	14:48:56	22092	1138.345	1325.042	628.286	574.533	847.222	668.929	613.457	602.875	465.125	696.900	1088.833	331.944	647.556	813.222	651.423	317.111	1062.857	434.591	
121	14:48:56	22231	1152.534	1262.750	578.571	554.933	787.056	595.786	623.500	598.292	481.833	716.400	1054.278	297.278	661.444	818.222	604.462	351.167	982.429	418.955	
122	14:48:56	22369	1112.224	1229.417	580.643	558.400	785.000	630.286	607.370	599.708	451.792	670.200	1040.111	306.944	688.611	784.722	645.115	285.278	967.071	425.409	
123	14:48:56	22507	1123.931	1348.208	572.714	584.567	737.444	670.857	606.848	557.583	492.042	685.100	1013.944	275.889	659.889	857.611	651.231	331.167	1053.714	413.500	
124	14:48:56	22645	1153.724	1328.250	546.857	552.467	819.667	658.786	663.109	572.875	496.125	698.900	1019.556	310.611	731.667	880.333	622.269	345.222	1046.429	422.909	
125	14:48:56	22784	1184.897	1306.583	558.214	551.000	813.056	657.929	632.978	521.833	477.500	696.500	956.722	277.000	597.389	846.167	643.654	322.111	1048.214	458.455	
126	14:48:56	22922	1135.259	1327.583	551.500	545.333	766.611	640.143	631.935	544.750	479.542	706.700	1023.111	297.278	631.667	782.778	638.692	295.889	993.786	430.955	
127	14:48:56	23060	1077.586	1260.167	571.643	541.333	774.778	596.643	618.522	538.000	475.083	607.700	1035.889	281.000	655.389	818.889	612.962	322.389	1009.214	418.773	
128	14:48:56	23199	1127.759	1304.917	556.286	576.300	754.278	617.643	663.435	516.208	486.208	684.900	976.278	274.778	615.444	839.000	612.269	322.889	941.000	415.409	
129	14:48:56	23337	1126.293	1330.667	615.071	538.200	782.111	633.143	653.370	521.125	444.750	670.900	1070.333	296.556	617.667	865.222	648.346	296.056	995.786	444.227	
130	14:48:56	23476	1122.276	1260.750	573.500	549.900	752.833	562.929	660.109	530.583	471.500	663.900	986.722	300.444	638.333	831.389	612.615	316.222	945.571	406.273	
131	14:48:56	23614	1035.259	1297.917	533.500	531.733	749.722	610.357	642.239	517.000	445.458	657.100	995.889	313.556	645.778	813.278	629.577	292.667	964.714	412.909	
132	14:48:56	23752	1047.655	1247.167	591.500	509.300	776.611	617.214	635.609	521.083	396.500	614.800	1045.000	261.500	595.500	841.111	640.462	298.444	997.643	427.682	
133	14:48:56	23890	1112.534	1305.167	587.643	541.667	775.833	653.643	655.913	549.667	427.792	733.600	1036.778	279.056	597.389	791.444	608.269	350.667	885.857	401.955	
134	14:48:56	24029	1133.034	1347.875	596.929	577.700	772.333	636.143	644.978	489.042	448.667	662.200	1042.389	301.500	675.889	821.333	612.923	315.611	941.429	402.591	
135	14:48:56	24167	1092.793	1322.875	532.643	597.833	758.389	592.286	683.500	487.000	448.375	675.900	1002.167	270.833	614.056	762.222	619.385	306.278	949.357	399.364	
136	14:48:56	24305	1091.914	1218.917	531.357	583.567	767.667	590.071	621.848	513.000	429.542	658.700	1039.889	323.611	665.778	808.500	638.923	303.778	910.143	393.409	
137	14:48:56	24443	1098.138	1212.542	531.714	539.500	764.667	665.286	615.696	499.542	415.167	626.900	1033.667	260.833	628.000	784.500	614.231	303.556	880.857	388.818	
138	14:48:56	24582	1154.983	1176.583	517.643	492.867	756.389	614.714	664.913	494.500	422.083	654.000	1071.667	265.611	641.611	801.222	579.615	281.833	933.143	395.500	
139	14:48:56	24720	1148.828	1285.292	496.571	531.933	730.944	607.643	646.761	488.583	416.042	612.800	946.167	273.167	574.056	806.722	595.346	318.778	849.643	386.682	
140	14:48:56	24858	1186.293	1222.083	516.857	536.267	699.444	619.500	636.043	507.875	408.375	583.000	1015.333	273.778	641.611	818.389	588.731	306.500	849.571	387.091	
141	14:48:56	24996	1140.207	1221.667	516.357	545.533	740.556	608.000	615.783	499.667	412.542	604.200	1020.056	234.833	637.667	770.500	602.846	297.389	899.286	379.045	
142	14:48:56	25135	1124.069	1216.333	520.714	583.700	737.111	575.500	659.370	529.625	431.417	650.000	1004.056	281.889	585.778	807.944	588.846	316.889	897.357	374.636	
143	14:48:56	25273	1190.534	1232.500	591.429	572.667	730.722	600.929	671.413	468.333	429.417	627.000	1058.889	281.167	635.722	803.444	602.192	344.722	860.643	368.364	
144	14:48:56	25411	1163.534	1237.292	558.286	532.500	781.278	585.714	652.174	486.250	449.667	607.900	990.222	251.500	609.778	799.278	599.385	293.333	834.214	354.182	
145	14:48:56	25549	1154.293	1213.000	554.571	523.367	719.889	573.429	632.609	506.750	456.583	670.200	1045.500	297.500	619.000	830.278	602.154	318.611	902.429	371.500	
146	14:48:56	25688	1089.569	1251.292	520.714	548.000	752.833	591.500	627.087	493.542	442.333	636.300	1040.500	267.111	543.889	790.833	614.192	310.500	835.357	375.545	
147	14:48:56	25826	1146.121	1270.208	536.929	499.667	729.222	565.429	639.587	478.208	421.542	641.600	989.889	260.000	594.556	797.556	575.615	309.722	875.857	331.864	
148	14:48:56	25964	1145.638	1292.792	577.071	538.667	802.056	605.571	686.348	485.542	433.833	672.200	1044.722	257.778	641.833	840.111	611.962	312.389	829.643	383.864	
149	14:48:56	26102	1152.414	1247.708	551.786	548.567	758.389	586.214	598.891	491.792	397.333	627.500	1027.389	287.333	649.222	807.222	565.192	312.667	883.214	366.636	
150	14:48:56	26241	1114.431	1234.583	578.357	556.333	717.222	538.929	626.435	455.000	419.125	668.100	1073.667	283.222	643.889	804.333	637.115	310.500	907.500	369.364	
151	14:48:56	26379	1147.069	1307.208	584.857	525.967	725.222	605.429	654.152	506.125	436.542	621.500	1031.056	272.778	599.889	813.333	599.192	297.222	887.786	363.000	
152	14:48:56	26517	1134.500	1222.542	581.000	559.467	701.611	563.000	633.152	468.417	456.958	640.200	1084.111	310.278	666.889	795.000	597.192	334.389	892.500	347.955	
153	14:48:56	26655	1145.362	1248.167	605.714	527.600	741.111	602.143	657.348	433.000	452.292	629.100	1122.278	297.944	594.444	765.500	594.000	321.778	828.286	359.682	
154	14:48:56	26794	1122.741	1220.292	527.571	520.700	748.778	587.214	614.804	463.000	416.375	608.600	1089.278	233.222	616.167	851.111	608.769	315.611	886.286	353.727	
155	14:48:56	26932	1109.345	1188.792	552.786	568.933	748.667	536.500	610.913	505.042	405.000	613.500	1148.778	267.889	576.833	768.833	594.115	293.278	793.071	342.455	
156	14:48:56	27070	1099.776	1231.167	546.214	559.300	703.722	588.929	608.022	474.292	436.458	603.100	1152.278	271.833	613.833	846.278	607.192	290.500	838.143	351.909	
157	14:48:56	27208	1123.690	1248.292	545.571	559.500	703.611	573.071	625.304	456.125	442.417	625.700	1102.222	268.889	605.833	809.222	599.385	271.444	854.857	340.409	
158	14:48:56	27346	1107.155	1210.250	560.857	520.267	754.333	544.857	599.217	480.000	408.542	587.400	1193.889	248.278	627.611	812.278	610.115	332.667	849.357	366.045	
159	14:48:56	27485	1114.431	1268.875	537.714	591.267	730.000	581.071	615.674	506.083	456.708	643.800	1178.167	283.278	634.333	820.722	621.423	302.500	870.500	374.091	
160	14:48:56	27623	1130.207	1129.417	541.929	586.567	745.167	592.929	612.522	500.792	428.625	607.300	1186.667	294.722	638.944	861.444	637.077	330.222	907.857	388.000	
161	14:48:56	27761	1135.759	1237.875	523.214	580.533	765.333	636.429	633.087	457.000	425.417	656.800	1151.667	266.278	667.444	831.222	653.115	323.000	903.500	365.636	
162	14:48:56	27899	1129.431	1312.292	543.071	597.267	787.833	615.214	658.978	495.500	429.500	615.500	1144.222	297.000	636.722	849.278	621.923	299.667	869.643	367.545	
163	14:48:56	28038	1197.828	1254.375	555.000	582.533	745.111	582.357	616.413	510.625	440.708	651.700	1159.444	277.056	672.944	849.778	596.038	300.500	911.643	376.909	
164	14:48:56	28176	1078.000	1178.542	500.143	523.633	759.333	587.071	597.783	540.917	426.958	652.400	1205.444	287.833	652.167	791.333	596.962	265.444	812.500	379.455	
165	14:48:56	28314	1132.948	1181.167	572.429	528.533	764.667	605.857	576.239	528.292	426.792	593.500	1168.222	261.778	687.278	777.000	586.885	301.056	848.643	332.364	
166	14:48:56	28452	1125.948	1220.125	563.714	541.967	714.389	628.214	617.370	527.708	403.583	629.600	1150.222	272.056	694.889	810.056	619.500	304.444	919.643	343.727	
167	14:48:56	28591	1137.293	1228.250	571.357	520.067	759.833	612.000	619.000	525.250	423.833	621.300	1222.111	277.778	646.056	805.389	585.346	298.889	837.857	356.636	
168	14:48:56	28729	1125.897	1285.375	580.429	556.267	819.111	639.786	608.565	526.083	414.667	624.200	1198.111	261.556	612.833	826.444	622.038	302.333	885.286	351.000	
169	14:48:56	28867	1095.155	1212.417	536.286	511.833	726.667	618.214	601.478	530.500	415.500	670.800	1207.056	265.611	672.889	863.667	622.538	297.333	903.429	362.727	
170	14:48:56	29005	1073.534	1106.417	581.643	547.433	774.167	633.714	623.935	524.583	413.792	679.300	1128.444	294.667	650.611	857.889	624.077	325.222	936.429	374.818	
171	14:48:56	29144	1127.310	1222.542	558.571	567.533	796.722	638.143	659.652	505.708	448.042	630.000	1163.222	280.889	616.500	856.056	648.769	300.556	887.214	370.682	
172	14:48:56	29282	1119.655	1215.958	573.214	581.100	744.667	652.214	671.500	494.875	427.417	589.500	1142.111	300.889	559.111	794.333	578.923	310.278	957.143	349.909	
173	14:48:56	29420	1109.328	1284.708	529.500	529.633	787.944	618.000	657.326	505.583	443.250	656.400	1135.833	285.722	619.556	861.278	613.077	274.778	999.857	379.227	
174	14:48:56	29558	1115.138	1211.375	622.500	606.833	811.444	630.286	623.543	520.583	419.167	646.500	1138.556	291.222	631.056	760.333	617.692	309.000	961.643	392.727	
175	14:48:56	29697	1158.983	1311.833	572.786	528.567	850.000	644.643	669.935	487.083	449.583	581.400	1199.167	325.667	638.389	879.278	607.462	320.444	965.214	384.000	
176	14:48:56	29835	1176.397	1185.625	554.571	558.567	819.889	645.071	663.522	514.375	415.042	646.900	1125.278	297.500	624.778	920.056	673.846	320.000	1054.714	372.318	
177	14:48:56	29973	1110.983	1260.875	517.643	544.800	815.278	673.071	651.196	533.000	439.833	652.700	1171.833	306.000	587.056	828.556	648.231	295.000	896.857	383.136	
178	14:48:56	30111	1110.966	1142.042	546.786	581.600	753.667	634.929	627.217	530.458	400.667	678.100	1183.556	292.667	739.556	817.389	672.462	287.667	947.643	376.000	
179	14:48:56	30249	1110.828	1201.667	554.286	481.367	760.611	691.286	620.739	584.667	444.750	657.900	1088.222	294.500	669.000	826.889	659.885	331.556	957.929	365.682	
180	14:48:56	30388	1179.431	1269.250	558.143	530.567	743.556	649.857	634.500	536.458	420.583	631.800	1185.056	298.889	668.389	888.556	618.192	307.056	926.714	368.455	
181	14:48:56	30526	1189.621	1204.542	546.857	568.600	808.000	674.929	676.739	577.292	450.667	653.700	1162.778	283.278	688.222	829.611	613.846	319.778	949.714	360.818	
182	14:48:56	30664	1196.121	1298.042	546.286	608.467	752.778	657.500	670.565	565.792	464.208	707.500	1187.333	290.278	699.833	870.278	612.115	304.222	939.929	408.545	
183	14:48:56	30802	1133.828	1204.417	543.929	572.467	806.000	632.286	630.761	593.125	482.875	682.100	1267.500	294.333	780.556	824.167	631.385	318.389	883.214	426.273	
184	14:48:56	30941	1162.052	1220.292	576.286	553.433	833.444	663.714	674.543	590.042	471.917	668.100	1235.111	289.500	678.500	823.444	602.538	326.278	906.286	371.455	
185	14:48:56	31079	1151.741	1300.625	599.357	573.733	826.000	648.571	703.348	583.458	470.500	647.600	1175.556	290.056	653.333	903.889	646.385	318.778	1039.214	395.773	
186	14:48:56	31217	1143.776	1250.250	613.143	545.300	806.389	617.429	699.348	572.625	486.958	711.400	1173.278	297.667	635.833	860.556	647.038	323.167	955.143	381.591	
187	14:48:56	31355	1174.138	1249.792	548.714	591.533	747.333	670.429	637.978	529.250	462.250	690.000	1174.667	279.000	681.500	832.556	659.846	320.833	961.786	360.545	
188	14:48:56	31494	1142.259	1234.208	554.500	552.167	788.056	633.643	658.304	583.292	445.292	721.300	1182.556	306.889	657.333	884.111	666.615	330.333	1012.429	386.864	
189	14:48:56	31632	1216.034	1362.625	589.929	549.467	790.500	674.643	671.804	582.917	458.125	683.000	1167.222	305.111	713.611	899.333	704.000	377.722	1034.429	395.545	
190	14:48:56	31770	1192.190	1262.292	556.571	558.900	832.000	658.643	675.109	597.833	460.333	655.900	1161.056	270.611	666.333	882.833	653.923	333.556	1094.000	379.000	
191	14:48:56	31908	1240.000	1281.250	597.929	616.233	855.056	681.214	692.065	554.917	456.875	703.300	1149.167	307.667	657.944	873.000	685.038	330.000	1097.071	369.591	
192	14:48:56	32047	1154.966	1249.458	558.857	581.633	806.667	671.214	699.935	564.542	463.750	741.000	1146.389	307.944	725.278	891.056	677.808	325.556	1011.357	426.000	
193	14:48:56	32185	1156.362	1260.250	582.286	566.200	820.722	703.929	669.978	581.417	447.208	702.100	1142.778	270.333	626.000	906.833	637.500	310.833	986.571	393.045	
194	14:48:56	32323	1229.207	1269.875	570.071	592.167	831.389	703.286	716.413	565.500	443.875	752.300	1094.389	283.222	646.222	893.389	668.231	332.778	1094.429	409.909	
195	14:48:56	32461	1247.190	1292.000	529.357	587.800	870.556	677.357	705.609	592.750	421.167	706.500	1163.167	298.611	630.611	926.000	629.654	348.944	1014.714	424.318	
196	14:48:56	32600	1222.914	1310.583	524.286	556.700	812.333	723.429	698.109	616.375	477.208	675.000	1032.722	300.222	736.611	847.333	683.962	303.611	1008.071	418.182	
197	14:48:56	32738	1181.966	1223.292	524.714	561.433	801.222	642.714	693.935	615.750	439.208	713.700	1130.833	298.944	675.167	843.611	669.500	358.944	1026.714	389.000	
198	14:48:56	32876	1224.724	1249.292	562.857	558.700	841.056	628.071	689.239	601.917	451.500	702.100	1104.000	302.722	687.444	865.333	683.154	348.556	1049.357	407.045	
199	14:48:56	33014	1248.259	1293.083	580.429	580.700	894.722	729.643	714.500	603.958	455.542	689.400	1107.611	280.333	721.889	872.333	690.846	346.444	1041.143	389.273	
200	14:48:56	33153	1248.655	1251.875	549.214	618.433	839.000	728.429	697.087	591.917	453.625	689.700	1109.111	296.667	647.944	875.444	684.000	339.111	1002.643	406.727	
201	14:48:56	33291	1181.862	1287.792	571.500	643.200	819.056	665.071	678.891	607.625	478.375	688.500	1062.778	306.222	771.444	881.667	702.577	330.278	1151.571	396.273	
202	14:48:56	33429	1204.828	1233.958	615.500	601.267	847.167	642.786	660.065	605.833	461.167	670.000	1075.278	320.556	757.889	908.333	662.769	356.889	1045.214	366.591	
203	14:48:56	33567	1236.707	1227.042	595.786	587.200	816.278	712.857	679.000	575.833	485.292	675.800	1051.389	292.833	675.222	887.111	721.038	355.222	1086.143	408.091	
204	14:48:56	33706	1264.862	1330.042	579.357	605.800	820.556	675.857	707.739	577.083	465.458	657.600	1093.889	306.722	668.389	929.056	665.577	362.556	1175.929	418.636	
205	14:48:56	33844	1220.241	1224.000	568.929	528.133	798.333	670.214	671.652	577.958	424.958	632.500	1092.778	269.000	628.889	876.111	663.192	334.778	1031.143	381.909	
206	14:48:56	33983	1195.293	1174.708	542.429	518.367	790.944	631.714	686.500	604.458	483.125	661.500	1100.722	296.278	708.667	855.778	683.538	344.444	1110.786	396.364	
207	14:48:56	34121	1197.155	1222.458	561.643	594.633	798.222	653.571	693.565	569.042	462.583	680.600	1108.889	285.667	673.167	845.889	650.038	329.056	1132.714	418.364	
208	14:48:56	34259	1224.914	1302.833	604.786	580.867	842.833	705.000	700.435	584.792	462.792	700.400	1136.056	303.111	661.556	879.222	649.962	333.611	1125.714	414.727	
209	14:48:56	34398	1245.293	1323.208	591.643	541.300	872.111	645.857	726.739	563.042	439.958	695.600	1110.222	288.333	694.500	938.167	686.769	357.222	1102.286	422.318	
210	14:48:56	34536	1182.414	1237.208	609.429	505.000	836.056	653.143	674.739	568.125	478.792	696.500	1063.167	283.833	719.667	832.667	702.154	335.000	1077.714	417.909	
211	14:48:56	34674	1140.276	1257.250	539.643	521.833	863.389	666.357	676.283	602.208	467.625	735.000	1140.722	300.111	732.167	845.611	680.231	336.667	1057.429	423.364	
212	14:48:56	34812	1172.052	1238.000	614.929	551.333	771.167	685.500	651.696	590.708	464.167	659.700	1084.222	268.278	724.000	819.222	663.308	366.611	1110.929	395.500	
213	14:48:56	34951	1194.310	1261.417	586.214	558.400	842.778	718.429	683.565	599.667	481.208	702.700	1148.722	303.778	709.111	901.167	684.000	351.778	1167.714	412.409	
214	14:48:56	35089	1168.155	1204.833	602.857	594.700	891.833	679.071	698.978	559.000	456.458	725.300	1101.167	277.167	715.333	904.500	683.385	352.389	1075.857	435.818	
215	14:48:56	35227	1202.155	1260.542	631.286	619.000	875.667	658.429	718.391	570.542	476.042	752.900	1188.889	294.778	761.611	854.222	708.346	374.444	1185.929	427.409	
216	14:48:56	35365	1192.397	1287.958	610.929	560.867	894.944	656.571	714.109	576.292	478.708	706.700	1103.278	276.222	721.444	851.333	668.923	361.833	1131.000	412.773	
217	14:48:56	35504	1217.138	1347.250	666.071	579.833	854.778	667.857	732.413	607.792	457.667	648.900	1229.000	323.833	803.556	923.389	682.269	350.778	1144.000	388.364	
218	14:48:56	35642	1271.190	1221.833	633.143	567.800	867.833	751.929	723.848	572.417	471.667	685.200	1100.778	312.389	764.833	918.556	653.346	340.056	1136.571	400.227	
219	14:48:56	35780	1224.862	1362.042	638.286	611.400	863.611	709.286	723.130	578.833	503.292	744.100	1138.111	295.500	751.556	856.500	653.500	322.722	1112.786	405.045	
